-0.00419448  0.004077  0.00137  -0.7644  0.03622  0.0194  0.6434
-0.004879  0.004719  0.001773  -0.74  0.06478  0.04341  0.6681
-0.00523  0.004613  0.002493  -0.7426  0.03494  0.005112  0.6688
-0.005065  0.004479  0.003206  -0.7407  0.02853  0.00305  0.6712
0.002637  0.002831  0.002214  -0.7194  0.09051  -0.03037  0.688
0.004565  0.002396  0.001341  -0.7113  0.1033  -0.042  0.694
0.02248  -0.0107  0.001568  -0.68  0.19  -0.1204  0.6979
0.02362  -0.009912  0.001854  -0.6772  0.1983  -0.1382  0.6949
0.03638  -0.01914  -0.002466  -0.6516  0.2612  -0.2064  0.6817
0.04384  -0.02475  -0.0033  -0.6343  0.2982  -0.2462  0.6694
0.0519  -0.0314  -0.006673  -0.6204  0.3257  -0.2834  0.6548
0.06479  -0.04477  -0.01142  -0.5843  0.3999  -0.3452  0.616
0.07259  -0.0579  -0.0121  -0.5568  0.4381  -0.3763  0.597
0.0778  -0.07967  -0.01373  -0.5197  0.4819  -0.4167  0.5692
0.0791  -0.09125  -0.01623  -0.5039  0.4975  -0.4301  0.56
0.07957  -0.0927  -0.01742  -0.5028  0.5007  -0.4298  0.5584
0.07826  -0.08461  -0.0167  -0.5172  0.4875  -0.4127  0.5697
0.07538  -0.07078  -0.019  -0.5378  0.4643  -0.3859  0.5884
0.0731  -0.06469  -0.01839  -0.5497  0.4485  -0.3679  0.6011
0.06153  -0.04084  -0.01968  -0.5895  0.3917  -0.3173  0.6312
0.04935  -0.02779  -0.01996  -0.6162  0.3398  -0.2652  0.6591
0.04223  -0.02244  -0.01842  -0.6283  0.3184  -0.2431  0.6669
0.02549  -0.01308  -0.0171  -0.6572  0.2592  -0.1787  0.6848
0.02577  -0.009832  -0.01778  -0.6612  0.2568  -0.1851  0.6802
0.02535  -0.006294  -0.01726  -0.6624  0.2348  -0.2168  0.6775
